34
0.0 0.0 0.0	1.0 1.0 0.0	0.15
1.0 1.0 0.0	2.0 0.0 0.0	0.05
2.0 0.0 0.0	3.0 1.0 0.0	0.05
3.0 1.0 0.0	4.0 0.0 0.0	0.05
4.0 0.0 0.0	5.0 1.0 0.0	0.05
5.0 1.0 0.0	6.0 0.0 0.0	0.05
1.0 1.0 0.0	3.0 1.0 0.0	0.05
3.0 1.0 0.0	5.0 1.0 0.0	0.05
0.0 0.0 0.0	2.0 0.0 0.0	0.05
2.0 0.0 0.0	4.0 0.0 0.0	0.05
4.0 0.0 0.0	6.0 0.0 0.0	0.05
0.0 0.0 1.0	1.0 1.0 1.0	0.05
1.0 1.0 1.0	2.0 0.0 1.0	0.05
2.0 0.0 1.0	3.0 1.0 1.0	0.05
3.0 1.0 1.0	4.0 0.0 1.0	0.05
4.0 0.0 1.0	5.0 1.0 1.0	0.05
5.0 1.0 1.0	6.0 0.0 1.0	0.05
1.0 1.0 1.0	3.0 1.0 1.0	0.05
3.0 1.0 1.0	5.0 1.0 1.0	0.05
0.0 0.0 1.0	2.0 0.0 1.0	0.05
2.0 0.0 1.0	4.0 0.0 1.0	0.05
4.0 0.0 1.0	6.0 0.0 1.0	0.05
0.0 0.0 0.0	0.0 0.0 1.0	0.05
1.0 1.0 0.0	1.0 1.0 1.0	0.05
2.0 0.0 0.0	2.0 0.0 1.0	0.05
3.0 1.0 0.0	3.0 1.0 1.0	0.05
4.0 0.0 0.0 	4.0 0.0 1.0	0.05
5.0 1.0 0.0	5.0 1.0 1.0	0.05
6.0 0.0 0.0	6.0 0.0 1.0	0.05
1.0 1.0 0.0	3.0 1.0 1.0	0.05
3.0 1.0 0.0	5.0 1.0 1.0	0.05
0.0 0.0 0.0	2.0 0.0 1.0	0.05
2.0 0.0 0.0	4.0 0.0 1.0	0.05
4.0 0.0 0.0	6.0 0.0 1.0	0.05